function[repairman, M_num, J_num, agv_trans,agv_nums] = InstanceMk01
repairman = {
    {300, {[2, 1.1, 8], [1, 0.75, 7], [2, 1.2, 12], [1, 0.9, 5], [1, 0.9, 9], [3, 1.4, 12]}, {[0, 5], [55, 100]}}
    {220, {[2, 1.0, 7], [2, 1.1, 10], [3, 1.5, 15], [3, 1.4, 10], [3, 1.4, 14], [0, 0, 9999]}, {[30, 40], [80, 9999]}}
    {280, {[1, 0.8, 6], [0, 0, 9999], [1, 0.9, 9], [1, 0.85, 4], [2, 1.0, 10], [2, 1.05, 8]}, {}}
    {350, {[2, 1.2, 9], [2, 1.2, 11], [3, 1.35, 14], [3, 1.5, 10], [2, 0.95, 10], [1, 0.8, 6]}, {[20, 25]}}
    {310, {[1, 0.8, 6], [3, 1.45, 14], [2, 1.0, 10], [2, 1.05, 6], [1, 0.85, 9], [3, 1.3, 11]}, {[15, 20], [60, 75]}}
    {400, {[3, 1.4, 11], [3, 1.5, 13], [2, 1.15, 12], [3, 1.4, 9], [0, 0, 9999], [2, 1.15, 10]}, {}}
    {320, {[0, 0, 9999], [2, 1.0, 10], [1, 0.85, 8], [1, 0.82, 4], [2, 1.0, 10], [2, 1.05, 8]}, {[10, 30], [80, 90]}}
    {260, {[3, 1.3, 10], [1, 0.8, 8], [1, 0.8, 8], [2, 1.0, 6], [1, 0.8, 8], [2, 1.0, 8]}, {[50, 60], [75, 9999]}}
};

M_num = 6;
J_num = 10;
agv_trans = [[0, 9, 7, 5, 6, 9, 5]; [9, 0, 4, 6, 5, 3, 7];[7, 4, 0, 8, 9, 7, 6]; [5, 6, 8, 0, 4, 6, 3];[6, 5, 9, 4, 0, 7, 6];[9, 3, 7, 6, 7, 0, 8];[5, 7, 6, 3, 6, 8, 0]];
agv_nums = 2;