function[repairman, M_num, J_num, agv_trans,agv_nums] = InstanceMk03
repairman = {
    {300, {[2, 1.1, 8], [1, 0.75, 7], [2, 1.2, 12], [1, 0.9, 5], [1, 0.9, 9], [3, 1.4, 12],[2,1.05,12],[3,1.30,12]}, {[0, 5], [55, 100]}}
    {220, {[2, 1.0, 7], [2, 1.1, 10], [3, 1.5, 15], [3, 1.4, 10], [3, 1.4, 14], [0, 0, 9999],[2,1.20,14],[3,1.30,12]}, {[30, 40], [80, 9999]}}
    {280, {[1, 0.8, 6], [0, 0, 9999], [1, 0.9, 9], [1, 0.85, 4], [2, 1.0, 10], [2, 1.05, 8],[1,0.90,11],[2,1.00,7]}, {}}
    {350, {[2, 1.2, 9], [2, 1.2, 11], [3, 1.35, 14], [3, 1.5, 10], [2, 0.95, 10], [1, 0.8, 6],[3,1.35,15],[2,1.20,9]}, {[20, 25]}}
    {310, {[1, 0.8, 6], [3, 1.45, 14], [2, 1.0, 10], [2, 1.05, 6], [1, 0.85, 9], [3, 1.3, 11],[1,0.90,11],[2,1.05,8]}, {[15, 20], [60, 75]}}
    {400, {[3, 1.4, 11], [3, 1.5, 13], [2, 1.15, 12], [3, 1.4, 9], [0, 0, 9999], [2, 1.15, 10],[1,0.80,10],[3,1.40,13]}, {}}
    {320, {[0, 0, 9999], [2, 1.0, 10], [1, 0.85, 8], [1, 0.82, 4], [2, 1.0, 10], [2, 1.05, 8],[2,1.00,12],[2,1.05,8]}, {[10, 30], [80, 90]}}
    {260, {[3, 1.3, 10], [1, 0.8, 8], [1, 0.8, 8], [2, 1.0, 6], [1, 0.8, 8], [2, 1.0, 8],[3,1.40,16],[1,0.80,5]}, {[50, 60], [75, 9999]}}
};

M_num = 8;
J_num = 15;
agv_trans = [[0, 9, 7, 5, 6, 9, 5, 6, 4]; [9, 0, 4, 6, 5, 3, 7, 8, 6];[7, 4, 0, 8, 9, 7, 6, 5, 5]; [5, 6, 8, 0, 4, 6, 3, 7, 1];[6, 5, 9, 4, 0, 7, 6, 8, 6];[9, 3, 7, 6, 7, 0, 8, 5, 4];[5, 7, 6, 3, 6, 8, 0, 7, 5];[6, 8, 5, 7, 8, 5, 7, 0, 9];[4, 6, 5, 1, 6, 4, 5, 9, 0]];
agv_nums = 2;